100737
516903
998261
553538
932964
17197
694339
36004
705645
327254
552834
921718
359751
317700
148765
869119
692956
20212
223047
689296
725268
805037
625752
846323
438101
948762
113421
256973
609256
51091
215331
357218
723819
504617
603042
29800
362914
189322
874680
325789
205229
635159
932655
385906
919176
8131
268503
672266
680401
780645
76875
174209
529850
398535
55210
350572
578835
293576
793449
354383
194849
198524
265033
780521
956313
599531
730382
815585
534330
361130
320239
670525
991727
321886
384763
99351
79680
803241
39389
929118
593334
62748
579528
264042
347258
932808
459138
331921
350920
658028
70012
534806
686708
331595
797492
363391
418032
170921
427215
500733
650035
244683
185602
376259
236301
546668
988320
745712
546344
835910
575644
163520
801917
385256
640733
930862
634359
466969
346593
922578
423015
72288
622609
300016
763429
358335
238805
594842
107607
908534
493098
650817
611761
79662
320652
240565
188248
897175
838940
40759
765052
432257
239622
14055
642345
818554
507808
397370
620069
907630
188767
996154
28897
402152
938314
701687
446534
961109
786625
577945
699552
797833
672486
920258
676841
85812
353306
832104
880540
816263
984597
412106
208806
482261
420763
908086
991530
925674
146219
908856
496703
619193
669443
206049
871969
348007
950072
27154
620280
435064
500416
179900
905748
721182
844280
177532
359897
888522
542868
685750
334952
756592
423475
533960
862730
181468
112836
123295
702565
384586
599306
17601
430202
396158
687428
401762
770217
597534
88811
877608
843032
361033
837881
328984
827585
610684
801392
161735
616799
176800
700250
820035
156068
988849
979038
13164
648505
625522
622746
125479
567734
218033
30382
676018
537994
538202
703745
164388
485916
465389
46151
971409
634969
408626
897324
13615
39019
634445
805592
632716
866112
482390
100799
762639
328352
730328
89051
782264
788514
627769
411132
812330
660801
223160
965997
360737
685731
361257
433294
646057
110791
760614
987929
598841
57341
418287
847187
872804
104787
453009
954362
200567
329814
598760
760502
713204
365093
38113
101319
717848
590918
93191
101528
922468
206840
712189
962590
449931
881166
366869
918274
713551
635913
696540
404325
394994
657059
502545
876011
229204
200039
64709
730534
945208
545013
84249
260294
954701
512445
874630
409379
39927
470432
393418
658321
424483
831354
638388
177787
668592
857399
292056
316578
284858
151068
991412
892321
652562
776843
722215
663083
565564
461123
610194
289944
900297
342919
108591
81738
698610
45806
419287
613399
862590
612545
964560
140764
626708
299924
699586
735605
342523
401263
261939
775441
969922
154849
493002
241227
249293
712193
4307
814000
740284
141797
839869
598358
734748
443326
680084
194823
289661
954811
181996
558043
81181
354923
906116
810789
674499
711156
456485
514782
683310
612093
933882
835067
385807
605222
512454
784064
633843
789430
264377
890923
608846
56090
985010
195417
743087
479345
253136
934618
325886
276163
288783
395537
818268
471275
62217
76375
731265
143152
206511
397530
771000
683107
707395
436009
850072
932819
645110
570512
18785
105551
178089
246
495874
11579
884298
770860
662892
304146
345969
19046
64226
333572
50761
859204
724630
468887
510939
936726
694991
160784
872466
126913
715748
539197
370057
123028
193060
387203
448568
842707
965524
448155
305216
345455
184066
418333
514018
441761
282582
468960
798195
300034
370958
477539
742216
302695
987035
344125
721439
781479
487509
442986
387217
883634
998683
