756259
341744
985009
900252
577382
384463
610533
468018
622446
595827
624709
904928
636126
684834
718655
846950
343528
903896
325424
940494
869314
939250
435972
622989
5624
861376
669321
106952
155553
845971
90651
673098
541045
811798
556809
416418
154766
714121
403138
789240
33021
696437
921384
880554
763870
259120
752666
864886
779348
341943
811577
208435
260176
277141
507662
544845
106846
598986
97677
543787
174920
812540
491387
295577
292942
69030
150045
794309
599090
814707
287093
583586
35136
320646
69504
608263
336424
504799
126296
67765
639402
94849
393537
784519
714526
255274
287784
10737
326380
139718
61788
454871
758083
59132
969372
606209
372829
667060
428718
419224
856626
114691
70574
380255
139461
727173
448087
210081
540614
80189
612824
552648
276729
793205
968915
259229
773456
977911
810602
348968
210671
53369
562492
527133
273753
881402
238926
921624
801669
732690
554544
543689
170701
217805
194483
657269
616352
135188
820224
995312
657666
759118
664817
958237
964518
416307
37672
632730
129364
829118
744456
460136
99626
885564
752614
363390
16061
249486
242091
8642
95390
527772
370063
599960
825957
422497
124448
717761
79568
902361
137048
633700
629187
180968
83328
584933
874331
556120
420995
800290
881570
34423
187447
817832
849004
977348
235300
657139
129261
762229
328092
675973
303130
961178
458956
589811
721028
983214
244869
731516
227031
717436
246597
841321
516270
148016
253825
745093
498546
427197
357241
59368
379770
575161
58043
282452
432227
392204
618593
861459
962429
611546
795920
651448
841573
976627
823818
218354
621441
816754
514278
201007
442362
178118
359316
837915
851987
914256
430616
306205
442780
956352
345226
268100
655048
640771
487365
987903
421343
24230
919554
944247
39930
853168
96286
448594
51131
668130
811641
845634
92941
468954
141241
222181
442463
198496
603463
464960
442508
614005
699004
130768
625526
396303
846097
988440
105212
915305
250906
4399
754910
554752
521138
674541
424888
576533
285680
555743
66740
641774
545764
552746
744519
341447
95574
21738
193385
97760
633658
445701
61610
978521
948948
116592
810775
241053
806532
910203
545694
512875
720416
111171
829530
108586
608106
365697
846406
47561
102802
21962
410492
512634
864518
25748
299872
30247
566097
881666
983232
259472
440332
268892
112298
377372
970949
578290
140356
35752
411031
111771
107269
154816
373729
863759
952308
425240
637194
297650
664295
158076
889604
365552
380369
833025
544340
35596
571574
109910
846203
303266
318847
101617
804816
251517
626332
555337
192937
895704
369762
525289
766537
786693
536351
477283
750755
289704
561468
989274
730817
485013
79062
811100
690197
508840
197832
600371
140592
328345
559670
66521
462478
595434
350045
617216
251835
854720
304860
768051
872896
837021
