915919
683607
907759
510735
358658
154593
811326
802895
64214
905624
716313
253660
131279
284851
813086
853403
32662
956204
375878
432056
134705
55201
229011
741986
426499
83119
592958
964405
46247
787317
738260
753790
758732
722555
190342
586237
204475
371088
463129
528109
372032
998526
491836
64076
798083
941881
846076
476835
203964
98548
464055
84850
331616
918518
263847
138478
390613
219841
289604
97278
632591
547239
352965
200603
746575
698112
348688
935385
187549
297330
314113
156040
588290
506556
888550
724514
393038
828601
679652
501065
257959
244873
366009
656119
603879
686772
835974
259512
759633
252659
412276
161028
136387
123306
175107
166328
359666
243204
441199
222000
342392
849078
848601
696555
794434
900234
881113
671537
326064
711162
193499
577994
942139
507765
77995
768251
977105
598445
846432
959020
194099
558227
797789
93966
889837
593040
949723
350476
266171
407111
318848
867255
723618
604383
795212
156030
454380
190853
425218
828237
858337
3696
634993
455533
172418
27737
188660
657702
180998
379805
769604
229610
15462
943493
75672
114961
724550
240589
810356
375105
831666
76869
525051
715285
228708
137637
93394
545858
202820
933273
563972
558833
943547
260917
300319
620953
153455
64126
485967
573687
303031
625538
639213
710133
489590
961449
254684
721338
305552
369400
604735
15447
655999
98606
933825
859399
36281
215240
371063
28003
59123
326549
115233
885802
786347
264283
87882
220737
730253
174786
246764
170843
75991
763398
712301
238172
406242
713604
649659
449171
312366
467324
115
317919
767322
210026
162954
851126
104112
927661
304122
642878
326077
227699
124660
969281
710745
145995
961286
960174
267304
743822
468255
821602
910671
825624
144459
336234
65782
991445
110939
62747
355905
576433
776061
198240
769531
265336
169949
69856
245671
646138
968580
174268
210748
152297
47712
812011
79194
736071
692094
205452
536520
79626
967105
256032
932931
470858
380041
853858
672860
756627
186646
580412
482935
89789
526397
889944
165375
345325
623001
104830
636900
26772
222547
818582
685675
854692
512368
41551
669620
799236
771161
954512
503195
638953
346455
713905
469389
405345
998116
432427
618809
478653
328523
581595
749867
752407
585591
428492
706966
493372
639725
149702
975512
172756
969840
584145
368165
302577
329298
214023
621642
50401
896261
47375
565261
561792
904574
905716
834010
795631
754914
607405
615533
885274
771129
905717
976595
348676
697816
541278
329461
40120
967922
927966
626037
954985
934952
309324
232950
194176
119750
491639
655748
541469
220762
319245
727579
850784
263414
4427
192798
858029
637517
844260
310606
570380
343594
298765
495676
519976
58434
499244
704650
369078
311606
704957
861877
9315
393645
892191
564926
906772
783386
323254
565142
937695
104616
956085
303514
528433
531308
446186
692396
254607
114028
174826
161357
903626
436237
192769
674065
490751
505670
892871
266709
789378
580563
238206
93110
818214
896396
509513
189759
543354
472833
683701
425061
943405
737390
237460
477551
401363
741060
206241
592798
739927
283993
174849
790168
908528
899741
580931
837670
221280
121692
851301
931866
71464
63170
925382
672816
469033
873467
565797
463075
373619
889699
168153
963760
283766
634103
111368
802699
469373
674195
920845
922951
577303
928800
134470
672753
331308
284174
544152
486975
135396
502396
704320
364225
793954
263244
816569
244638
89185
343838
779642
56010
780582
124282
126769
317460
428391
595622
971325
817927
978528
145589
39858
733484
761330
314331
88388
826164
381706
714602
206735
507990
571418
399595
642973
195008
56900
30658
787148
668867
883955
431756
815160
425357
231039
372257
802359
798979
56522
60353
931936
415388
378052
452261
232834
686826
972911
338101
483465
718765
961035
254517
565464
563253
511518
68900
712048
528453
376752
985482
649013
860269
332697
61142
606197
635561
233144
121055
841841
161305
4538
216989
232732
809189
551271
504547
862808
725938
822063
613625
632019
661438
562213
535365
192356
996668
478803
471523
356684
364126
984708
13887
422378
907929
506174
828130
373627
865314
206839
250214
366219
837876
473534
878558
658994
253936
653836
491931
750555
821445
860229
714299
987537
161254
360531
577901
107314
918400
83339
181758
819354
157900
973256
724091
27427
958843
653280
643949
76444
303001
7890
564429
6843
640781
89735
266024
572319
68320
781501
749768
932579
167385
361853
57993
650593
460382
235898
620127
264931
951587
439385
111394
572466
928840
31628
48045
99561
383521
723908
74441
740924
578747
735288
759069
870700
954177
261979
701197
402705
667999
652699
642157
783545
196348
912470
284663
67691
703956
170827
100071
618700
381635
46565
458300
156840
986250
251428
544170
705978
890341
716706
894432
223589
770307
192248
373895
582975
941133
466027
209184
453859
458997
9655
238201
21450
43236
692064
200676
997296
774683
505894
52641
354874
226309
171755
582939
870813
684138
558171
549350
852350
107413
110965
931215
222744
353063
815572
105249
629157
690179
677958
585653
429522
332918
293296
930432
817747
494916
83433
549146
853792
200913
941435
142821
111243
523418
176414
998062
605706
795839
991001
31947
224342
853699
938402
900917
834812
168367
444117
106437
848413
375288
919373
225647
865533
911669
888708
291107
457187
277493
568322
532502
652148
323945
174223
853441
847051
613291
715119
212330
902427
434547
793326
664598
682224
914632
494577
274459
877730
965486
296120
683582
263491
874059
322194
491196
912391
541989
14888
500175
843139
347971
319065
198042
811993
427791
576886
531792
882820
786844
583042
835114
598931
