651048
57758
103783
148127
107529
85611
542396
982130
951704
125580
187988
612263
569740
387948
380953
815743
518869
839792
219204
933192
224819
295512
663953
658352
926157
549715
789157
612309
934887
550100
474373
675348
232963
691663
84998
893723
242472
651461
75387
104369
753573
459896
165864
813477
873209
293541
151649
386350
463550
601502
303201
925268
701130
980039
302041
25998
77488
57570
338550
513879
968167
391004
854108
119910
64134
730312
828394
215071
94378
262523
524849
480702
926735
496966
782580
148580
421065
201026
348596
98027
970238
384577
429396
14622
880738
873078
964763
384768
797684
638415
101304
472927
440364
573463
990373
927852
232
815994
328542
221293
293467
430159
832964
221336
928809
19307
994814
296000
549958
413725
556161
33243
134324
347072
657083
42595
593587
106870
591975
978046
223311
87366
412592
510155
453015
705390
198210
795289
421603
857725
235621
406481
59899
449842
772705
101933
627432
130301
19684
441035
105827
512730
681034
736338
461974
20844
244377
687485
954138
774626
907275
130098
753417
872280
494343
486262
268019
133037
525397
803522
835145
618246
365934
671375
643772
668410
785914
302531
777037
541520
490512
622425
442812
846554
703014
271573
978718
732210
113513
994853
305880
742311
745526
481851
509863
750204
968371
193356
584424
581637
284254
839657
776821
588771
75679
19733
172330
793803
161461
649615
749948
212754
429521
485032
635085
17200
52556
626770
953566
32725
679269
119391
998947
521274
664847
7692
774371
14424
353323
92855
416482
921838
6625
974193
385042
707253
386708
595637
348665
729033
590248
546602
299544
456001
555703
993903
160343
28898
911845
314780
90358
917878
707246
130096
371073
53994
694800
998571
364993
260819
396669
589140
832764
617682
674236
610328
571194
142416
605024
395471
113127
707635
875283
444467
911242
21635
817129
628449
870208
396264
31637
283564
334640
981893
53770
990010
80156
5175
665556
159101
174290
895803
427496
357202
148540
818881
372205
701237
935030
661798
61770
320848
600719
323850
129595
963792
815044
648553
184416
871503
210288
359624
27132
579605
184778
952950
28160
710257
566167
558457
450747
41469
350945
978586
433356
761547
127214
838132
847456
776054
906706
954559
531957
906223
24214
864298
203239
38444
67410
559498
816641
363498
393666
133769
152602
949402
544592
201522
970101
530663
457157
718473
680293
854
346573
953021
787421
847582
524034
421238
416265
515334
782194
464298
35181
350430
519743
682363
302124
266187
776193
901850
377419
833016
787025
152868
740053
9326
598735
481115
634391
793167
512122
600027
255934
191133
679972
676767
107180
387267
231340
105761
221216
468723
318324
361646
980588
296917
733111
615092
724430
280918
357894
133612
760420
988967
657708
533807
339159
835060
340588
271634
198305
989800
63457
148621
558718
378615
752073
710535
763454
941757
210612
446480
355797
62598
702707
841855
693816
843908
924088
701792
48360
183835
11987
21348
965051
485129
799929
832199
113707
378366
11901
873650
928323
318476
70267
922091
237200
907058
711325
608155
557944
163285
581538
107388
930890
83430
305791
154666
177186
414252
959422
760140
918976
736738
227562
287321
381580
624329
966397
683306
161325
488970
713448
438796
320957
5841
930776
303598
317101
36205
740279
911223
51106
373562
349877
523987
453415
562098
103796
440684
918390
633217
9330
893501
952863
984745
359036
572081
744925
171974
475606
624644
719724
985765
334934
380560
643975
137932
201578
812734
373174
765115
800115
515072
577054
84902
995865
876625
591366
578435
735784
855515
191896
806453
428713
744747
56885
530160
974676
564762
460878
575731
476033
321996
73711
222122
433403
276711
470208
220902
409506
773974
467032
658505
907363
813323
353283
723862
590392
967632
287992
874234
305598
907921
630876
368904
230839
755294
49776
13247
607705
300818
119506
517054
90001
569600
756237
700537
653418
967113
611746
323546
733328
490751
776680
83889
905561
361756
240439
186624
253237
668498
336377
608473
225450
85736
773338
711901
708763
133634
549802
985159
724712
256970
862478
127857
399451
508758
931690
292366
169721
809681
676236
875894
926059
554370
325512
7233
176613
617261
300392
818876
657572
159846
673667
699005
841376
325298
249279
277186
241705
903087
165271
98756
355639
21102
974570
872545
755879
879610
591739
877406
264182
613227
949547
12616
403617
473545
995512
754897
810093
196116
263857
42436
469011
185951
765190
9964
729822
620642
942068
881133
101175
66547
99121
210109
682081
388855
329096
687670
265684
713836
414931
588572
814218
543438
308055
757487
351579
364783
195414
667598
341731
392341
388829
961888
719947
139055
597229
385145
554122
68704
494302
194891
108550
813453
426842
242374
842657
368671
983527
712968
451180
245518
549811
105904
26494
483250
568292
493652
776282
148383
628079
794668
912855
585870
302559
691945
44425
195221
833681
230586
703099
980300
602935
787724
736889
510242
306982
515845
807703
206048
258516
835512
346513
744433
358323
179
860128
736856
792207
496968
574033
212788
379318
35822
443513
873815
86340
35329
107301
279992
507378
424633
82037
982605
140368
437779
471718
622042
864992
803397
878524
390235
337631
306741
658253
456504
749223
459355
28128
521605
659290
199645
655664
547544
142935
841721
189557
184041
528844
473894
190435
974585
986284
592214
982313
224402
731297
265040
727041
936340
602141
778091
329973
976634
868984
654109
656883
133180
397763
360610
466371
136537
164822
331954
607682
418619
100724
732549
16898
574829
474259
473236
10182
992383
400359
447077
251372
943352
7538
613227
464827
643883
774287
889681
529596
76649
717061
258108
503464
445986
592411
503227
788306
252313
866482
127238
742275
512328
938678
930890
356224
535351
301980
656066
173407
262980
306306
868754
578366
247008
392610
13364
962219
351065
36208
522272
274091
626245
605470
75919
196199
285980
486319
187063
503179
174274
605064
590496
350416
510617
740147
886612
319398
361242
686112
696574
457294
845508
405470
47479
376653
774366
8787
266300
652713
431047
426290
914389
787343
210947
835868
585931
137173
652402
864836
173865
553515
152394
144074
533759
269815
801449
867223
323548
866307
752974
894005
565043
135195
894016
907133
882338
448438
460159
113909
347901
78079
195353
542775
100694
639769
836047
601316
471381
652494
92721
910272
216679
23595
849879
283433
156545
581974
954060
608065
252195
726400
785824
290611
752454
681758
378142
611449
484370
764786
179683
845668
951690
691733
478204
726866
134612
958740
123757
672312
932373
280599
768868
519703
638594
833702
858635
40041
171120
883086
995801
997451
948697
481671
658164
937391
956855
968597
966835
860291
340397
953774
199871
681144
483657
476852
633832
363400
555107
152814
974077
343750
700018
902976
889877
27531
924087
494362
595399
80468
805808
351037
787366
366269
825855
663340
922320
471010
8707
876250
482363
911227
211318
348521
288890
351833
102027
526953
687532
706862
911865
